49
0 358 443 669 194 
0 198 386 706 66 
0 238 517 742 121 
0 39 518 480 235 
0 373 541 69 51 
0 185 414 191 409 
0 192 408 475 170 
0 673 503 138 161 
1 106 383 603 254 
3 581 428 158 206 
3 162 166 351 537 
250 591 73 610 63 
250 479 216 456 228 
250 386 306 387 363 
250 351 501 357 466 
250 447 413 488 421 
250 571 384 573 346 
250 438 221 415 228 
250 263 194 319 171 
250 447 148 515 149 
250 358 193 367 251 
250 78 196 62 167 
250 114 140 101 126 
250 42 285 34 275 
250 57 273 46 265 
250 122 201 128 180 
250 272 178 328 218 
250 463 240 522 223 
250 562 164 548 130 
250 504 107 454 111 
250 388 152 379 185 
250 412 216 468 224 
250 523 185 536 167 
250 543 136 535 115 
250 444 111 417 124 
250 391 151 424 243 
250 489 178 531 139 
250 654 87 676 69 
250 632 107 612 152 
250 614 259 594 306 
250 472 265 378 237 
250 387 189 318 213 
250 378 185 422 180 
250 436 200 432 227 
250 478 247 401 251 
250 582 249 511 253 
250 435 279 475 269 
250 733 329 739 326 
250 723 321 734 313 
